"NetCashOps" "NCF.pf" "TotalProperties" "Presence"
4568341 -169763.83 14 "1"
783934 281719 15 "1"
-663405 568187.42 15 "1"
5509705 2996826.02 14 "1"
2917329 3408174.44 17 "1"
1508056 3490634.94 17 "1"
-3991650 4679070.5 18 "1"
-976155 6046581.23 18 "1"
235360 77105.43 11 "1"
-29448 129135.58 11 "1"
806927 94910.98 11 "1"
1988511 -125820 11 "1"
1142024 42034 6 "1"
1485327 312911 6 "1"
57612 -296067 7 "1"
923241 388378 13 "1"
1942370 139597 12 "1"
-755075 443561.49 14 "0"
117505 599567.77 14 "0"
-69244 566152.07 15 "0"
15350741 713066.41 15 "0"
1164769 474181.04 16 "0"
5958640 1209931 17 "0"
1992149 965827.24 16 "1"
1567634 1232177.36 8 "0"
345193 730278 8 "0"
2017813 1235874 8 "0"
305259 1309004 10 "0"
-547458 1225587 10 "0"
1748446 1183213 11 "0"
-389320 103308 6 "1"
839147 165051 6 "1"
447504 733112.94 6 "1"
1516896 2960028 7 "1"
675010 660432 6 "1"
1606116 26962.27 3 "1"
573561 -62662.67 3 "1"
-767569 224552.7 3 "1"
994542 11321.99 3 "1"
1148366 68150.16 3 "1"
2672343 585275.61 4 "1"
1275466 348856.17 4 "1"
424646 -28991 4 "1"
-7960 16455 4 "1"
7557434 22655 4 "1"
805709 83910 4 "1"
6293066 4163 4 "1"
2351580 73177 4 "1"
10655839 173940 4 "1"
-81188 174830.7 10 "1"
1238945 -103164.11 10 "1"
2147423 39185.75 10 "1"
4059955 218238.02 12 "1"
4804983 64379.99 12 "1"
6568136 94587.32 11 "1"
10422134 191668.73 13 "1"
12352159 145477 13 "0"
1292390 67042 4 "1"
1370159 41004 4 "1"
1307800 158354.75 3 "1"
1360729 75610 3 "1"
1546049 117975 3 "1"
1748760 115665 2 "1"
1733573 154326.03 3 "1"
1875737 272420 6 "1"
1499068 278876.71 1 "0"
1400486 435442 1 "0"
520142 392549 1 "0"
-23676 142172 4 "0"
1664264 -17044 4 "0"
2087827 176758 5 "0"
208113 72021.96 5 "0"
380619 258801 7 "0"
826925 330656 8 "0"
1237207 212204 9 "0"
1296717 260768 9 "0"
837325 80725 19 "0"
586663 172819.4 21 "0"
566035 115387 21 "0"
675936 30953 23 "0"
320832 118236 22 "0"
1884615 687066.48 10 "1"
3079422 873254 11 "1"
2745259 1058146 10 "1"
1831098 898959 9 "1"
3248095 1026275 11 "1"
1710764 933363 12 "1"
18291 18122 4 "0"
63843 76135 4 "1"
165121 77556 3 "1"
70895 324364 3 "1"
171556 292572 3 "1"
72218 234261 3 "1"
169486 131684 3 "0"
254456 361686 3 "0"
-309163 -172730.59 4 "1"
1076974 67156.22 4 "0"
-298103 167659.18 4 "0"
-290127 284505.35 4 "0"
-2225340 260156 4 "0"
6800845 2120716.5 7 "0"
903772 2183408.5 8 "0"
441646 65194 9 "0"
4929900 5640 9 "0"
474787 -3059 15 "0"
2762508 -1180.08 15 "0"
672332 143995.16 17 "0"
2329604 163884.33 17 "0"
543468 184715.9 17 "0"
1232083 311184 14 "0"
267447 -24265 3 "1"
3044452 82412.9 3 "1"
-1382490 44035.08 4 "1"
-779877 73844.51 4 "1"
1086581 26648 4 "1"
23025 8463 9 "0"
164103 42498 4 "1"
636582 -35608 2 "1"
-147123 67559.27 3 "1"
124956 14960.74 4 "1"
399443 -97868.2 4 "1"
-81162 -54027.05 3 "1"
969749 621627.47 8 "0"
1762294 502082 8 "0"
2082177 664630 8 "0"
338125 556035.69 10 "0"
2326829 729081.18 10 "0"
139799 -75074.96 4 "0"
-75702 67627.18 5 "0"
-15643 14325.85 5 "0"
81830 62369 5 "0"
-747616 1887837.27 15 "0"
6382217 2238163.53 14 "0"
1318067 341101.09 23 "0"
672882 273915.16 23 "0"
3914888 32483 24 "0"
1314608 177221 16 "0"
2229293 328254 15 "0"
488089 30162 16 "0"
591759 1063322 18 "0"
1749474 515007.79 18 "0"
5550809 474963 18 "0"
1999963 894755 20 "0"
1119792 55806.17 4 "1"
2136570 74338.27 5 "1"
-246987 175514.04 5 "0"
3260955 77555.66 6 "0"
-2365779 134365.64 6 "0"
90224 -27077.68 7 "0"
1166706 159084 7 "0"
912030 -37327.77 1 "0"
510228 -4988.99 1 "0"
1870253 228673.85 31 "1"
859896 230067.65 35 "1"
529980 546280.98 36 "1"
-25413 117413 38 "1"
1286911 349685.19 14 "0"
2627102 545812.8 14 "0"
5672880 573573.48 17 "0"
4290761 940600.91 17 "0"
1071910 1220385.64 17 "0"
12247918 1681514.19 18 "0"
695723 56071.96 9 "0"
3498809 34877 9 "0"
993533 76044 9 "1"
482231 8071.6 10 "0"
2362490 43159 10 "0"
428445 4669.69 10 "0"
187647 79357 10 "0"
-962474 -7664 3 "0"
-608712 -46006.65 3 "0"
1879158 18766.89 3 "0"
253950 -19282.22 3 "0"
-36481 -69224 4 "0"
-85334 88346.1 4 "0"
-712028 70675 4 "0"
1452048 50638 4 "0"
305571 -98728 6 "1"
1715032 -51116 6 "1"
716457 -37557 7 "1"
1588945 137203 7 "1"
3273960 -6800 7 "1"
673881 102983 8 "1"
315190 -7234.36 7 "1"
873589 1700.64 7 "1"
431311 85931 8 "1"
575910 123608 6 "0"
1079539 -22238.98 6 "0"
439229 -183717.07 6 "0"
760085 126614.63 7 "0"
2110069 162542.76 15 "1"
1782802 24296.13 13 "1"
118352 45093.64 16 "1"
1993126 144168 16 "1"
-869230 105760 14 "1"
1013175 392771.44 14 "1"
12228441 426829.44 15 "1"
881201 1066654.45 18 "1"
2516354 455173.72 18 "1"
221230 1102112.63 21 "1"
2327680 1792100.01 24 "1"
51399 1604812.36 23 "1"
-1299247 2238550 23 "1"
900476 89591.16 17 "0"
4338425 280282.4 19 "0"
1190269 638085.11 19 "0"
-641951 465373.76 19 "0"
-602471 529171.58 20 "0"
2968797 888805.19 23 "0"
231403 843305 24 "0"
687674 171116.14 11 "1"
1596247 -45868 6 "0"
3568054 437198 6 "0"
260571 30076.64 6 "0"
1571268 156890.46 6 "0"
330936 25418.71 10 "1"
924908 174194.21 12 "0"
1693216 280873.23 12 "0"
585581 253885 12 "1"
689228 289644 12 "0"
455460 289053.72 12 "0"
1123785 149666 19 "0"
33101 223279 18 "0"
492008 94851.06 6 "1"
-125586 67584.07 6 "1"
610491 1166.33 6 "0"
185072 43320.6 6 "0"
1508649 27941.82 6 "0"
-599708 16062.53 6 "1"
678199 46260.74 7 "0"
1193535 234345.19 7 "1"
560604 131351.79 10 "1"
772250 250122.68 10 "1"
505252 144775.97 12 "1"
205498 43355.77 11 "1"
171558 91382.34 12 "0"
344350 -135869 14 "0"
359074 86801.48 3 "1"
-141994 64183.15 3 "0"
-468819 -12611.47 3 "1"
333177 50488.39 3 "1"
533290 47330.1 3 "1"
1091999 70183 4 "1"
921502 103200 5 "1"
445569 100621 6 "1"
2710810 235485 7 "1"
1940634 83557 7 "1"
1879310 108288.55 7 "0"
308320 840432 29 "0"
14018 1309541 30 "0"
1525851 143989.01 2 "0"
875757 135121.86 3 "0"
367246 192127.72 3 "0"
-72722 617970 3 "0"
-844316 156843 3 "0"
-1014554 -96362.01 3 "0"
-3328906 -133526 3 "1"
1793333 88969.48 3 "0"
18469829 85311.37 3 "0"
961316 115914.35 3 "0"
7012332 92859.07 3 "0"
-3858567 82544.44 3 "0"
2227659 221651.53 3 "0"
2335028 510342 30 "0"
1286276 694868 34 "0"
1166884 665202 34 "0"
-252415 -62608 13 "1"
-339502 23195.17 16 "1"
-83857 269682.25 17 "1"
668536 13703.02 17 "1"
441256 151686.69 18 "1"
386256 105232.42 18 "1"
-404567 102855.67 21 "1"
123756 -59420 6 "1"
775416 203 6 "1"
508213 158143 8 "1"
215201 47378 9 "0"
820827 -80383 12 "0"
185965 30700 10 "0"
3446336 3260035 24 "0"
8099250 2988931 25 "0"
11291775 4047849 28 "1"
11927874 3910291.48 25 "1"
6568405 9281503.3 25 "1"
12615962 10430170.72 25 "1"
3243507 14130344.44 25 "1"
1644555 658631.8 9 "0"
2804522 277396 11 "0"
3780419 1800802.52 11 "0"
3365107 3018943 11 "0"
3837736 2540130 12 "0"
5097866 3995880 13 "0"
4490035 5463294 13 "0"
2575448 139802.4 4 "1"
71644 101415 4 "0"
676931 54751 4 "0"
501325 91705 5 "0"
576003 -6294.83 2 "0"
462369 7330.86 2 "1"
356517 -17507.4 4 "1"
-2989853 -82152 5 "0"
200893 -145273 5 "0"
173180 -42223 5 "0"
-836045 548127 6 "0"
2344707 289774 7 "0"
-86487 330873 8 "0"
1526488 500675 8 "0"
3485037 723893 8 "0"
2635179 607219.15 24 "0"
91718 1035711.45 23 "0"
60597 1605677 26 "0"
3579203 1585675.12 26 "0"
3801192 690037 26 "0"
3202651 1848566.71 27 "0"
3102717 1459296 28 "0"
5600633 2935420 26 "0"
705352 -19097 4 "0"
118237 -10949 4 "0"
1126764 64789 4 "0"
2450765 115817 5 "0"
2602250 1124295 23 "1"
1619310 1723511 23 "0"
2212192 1227198 25 "0"
4673533 1090959.73 28 "0"
3781229 45299726.71 28 "0"
2466245 2666839 21 "0"
3414715 2627870.05 26 "0"
2612424 4533487 29 "0"
1575209 -28870.93 15 "0"
2076980 192850.88 17 "1"
3151393 45326.4 18 "1"
595265 115345.51 17 "1"
3522244 549481.3 18 "0"
329462 59517 18 "1"
565418 56156 20 "1"
6161743 1801059.82 69 "1"
6973705 1151938.2 73 "1"
15204008 1264993 73 "1"
10529816 2370468.61 73 "1"
7693593 1724223.32 75 "1"
10626791 3556031.53 84 "1"
2837860 3242896.6 88 "1"
6827482 4929508.26 89 "1"
2029382 -380859.44 6 "1"
672704 310738.46 23 "0"
322145 103493 24 "0"
2007191 705853.72 25 "0"
1738022 497338 25 "0"
167937 372256 26 "0"
655487 822229.63 28 "0"
1929799 721161.11 29 "0"
400457 789511.35 33 "0"
654769 79032.67 15 "1"
328580 153455 11 "1"
601983 50684 10 "1"
609745 421527 10 "0"
421333 345196 10 "1"
298532 349098 10 "1"
342969 300795 10 "1"
443509 243223 13 "1"
5345872 -439.689999999996 23 "0"
2589893 347427.16 31 "1"
4415072 466663.58 33 "1"
512344 350997.82 37 "1"
282429 473664.06 35 "1"
3277329 500540.5 37 "0"
491429 -65732 13 "1"
719677 122798 12 "1"
1547350 5511 12 "1"
1529212 24678 15 "1"
1957643 12174 15 "1"
1719971 113427 17 "1"
1592245 4842 17 "1"
237405 157203.49 1 "0"
392257 195066.37 1 "0"
393370 157103.08 2 "0"
505528 16783 2 "0"
219932 19829.93 2 "0"
702152 405016 8 "1"
759224 -80750 8 "0"
1694266 169439 9 "0"
1749529 334369.69 9 "1"
1717507 1340547.56 10 "0"
1636803 674175.56 10 "0"
3353267 982489.01 10 "0"
3255134 69551.12 2 "0"
941835 26386 2 "0"
306243 46804.04 3 "0"
875591 164498.86 7 "1"
574536 586360 15 "1"
109209 -115006 15 "1"
466697.31 -44358 13 "1"
1881518 1842449.73 15 "1"
-304682 -18610.35 2 "0"
90799 11141.53 3 "0"
886064 -9760.87 3 "0"
305868 -15836.08 6 "0"
1161193 688621.38 8 "1"
992143 504461 8 "1"
998111 503993.24 8 "1"
598605 -2189258 8 "1"
-1071427 87805.83 12 "1"
2760229 22316.71 15 "0"
172457 -3253.99 8 "0"
726604 55171.94 7 "0"
455301 468441.47 32 "1"
1303644 491672.57 32 "1"
406459 446172.15 32 "0"
1518258 459526.8 33 "0"
858149 527049 34 "0"
3157680 1858491 21 "1"
2786180 1252929.86 23 "1"
4491198 1166186.49 23 "1"
3763867 1685391.54 21 "1"
8383226 1523579.49 23 "1"
7190104 1059711.53 23 "1"
1456263 2419585.64 24 "1"
2258764 794970.23 51 "1"
1450525 1221372.85 59 "1"
4938489 195863.85 60 "1"
1118631 2086018 63 "1"
2677564 1128020.54 58 "1"
4821384 710123.58 60 "1"
9276608 1296043.07 64 "1"
48804 166375.21 7 "1"
204699 32550 7 "1"
-49983 8888 7 "1"
633338 -203195 7 "1"
1458818 -465541 7 "1"
421903 74623 7 "0"
414530 -45395 7 "0"
-565173 564474 3 "0"
1421087 -27492 15 "1"
851877 429347 15 "1"
47769 678621 14 "1"
1049429 562007 15 "1"
-1169425 1367226 12 "1"
124830 1327769 12 "1"
939437 166627.81 13 "0"
302654 145328.86 14 "0"
1806552 178365.72 16 "0"
360354 201165.83 17 "0"
1245426 235289.59 12 "0"
1620155 349648.32 15 "0"
-89289 -71905 11 "1"
275256 -4050 11 "1"
874027 162387 12 "0"
321936 181623 13 "0"
-24286 308573 13 "0"
3856720 538538.43 6 "1"
2259533 578142.45 8 "0"
220336 1294034.15 11 "0"
554953 1335886.52 11 "0"
887889 1179203 12 "0"
1214375 838670 29 "1"
850963 820149 31 "1"
2842509 2587875 34 "1"
462750 2545556 34 "1"
477518 1930169.95 35 "1"
3562085 2961504 35 "1"
3160409 167117 13 "1"
2054596 -57433 13 "1"
1030132 216337 14 "0"
2191003 193542 17 "0"
5676162 372041 17 "0"
681480 555768.21 16 "1"
194632 308673 16 "1"
8375405 64955.02 9 "0"
4744799 -23062.02 9 "0"
11288638 74486.53 9 "0"
5544151 83754.54 10 "1"
3277482 1290682.66 26 "1"
1742322 1364014.96 26 "1"
1306775 1533765 26 "1"
3857793 2511041 33 "1"
2971766 2177996 33 "1"
2896189 397597.42 18 "1"
1901283 564420.6 16 "1"
3624421 666060 16 "1"
13603427 2734566 29 "1"
16028413 1286806 28 "1"
5922232 2804094 29 "1"
4574796 2900210 29 "1"
-1095021 710727.37 85 "1"
5736258 1905278.97 90 "1"
4934160 3638038.15 91 "1"
5579062 4145459 93 "1"
5532019 337545.38 28 "1"
2636145 346495 32 "1"
7416954 -108494 2 "0"
4303237 -82202 2 "0"
5741351 2127418 26 "1"
909502 34137.34 35 "1"
1626361 27442.81 34 "1"
1151577 172236.1 39 "1"
-2782552 210539.54 25 "1"
3604026 1609213.99 29 "1"
3474224 2560378.16 29 "1"
3478872 4640428 35 "1"
33049 -11180.89 2 "0"
-111813 752022.21 20 "1"
1277676 1091377 16 "1"
